11.1
14.4
17.7
11
14.3
17.6
10.9
14.2
17.5
20.8
14.1
17.4
10.7
14
17.3
10.6
13.9
17.2
20.5
13.8
17.1
10.4
13.7
17
10.3
13.6
16.9
20.2
13.5
16.8
10.1
13.4
16.7
10
13.3
16.6
19.9
13.2
16.5
9.8
13.1
16.4
19.7
13
16.3
19.6
12.9
16.2
9.5
12.8
16.1
19.4
12.7
16
19.3
12.6
15.9
9.2
12.5
15.8
19.1
12.4
15.7
19
12.3
15.6
8.9
12.2
15.5
18.8
12.1
15.4
18.7
12
15.3
18.6
11.9
15.2
18.5
11.8
15.1
18.4
11.7
15
18.3
11.6
14.9
18.2
11.5
14.8
18.1
11.4
14.7
18
11.3
14.6
17.9
11.2
14.5
17.8
11.1
14.4
17.7
11
14.3
17.6
10.9
14.2
17.5
20.8
14.1
17.4
10.7
14
17.3
10.6
13.9
17.2
20.5
13.8
17.1
10.4
13.7
17
10.3
13.6
16.9
20.2
13.5
16.8
10.1
13.4
16.7
10
13.3
16.6
19.9
13.2
16.5
9.8
13.1
16.4
19.7
13
16.3
19.6
12.9
16.2
9.5
12.8
16.1
19.4
12.7
16
19.3
12.6
15.9
9.2
12.5
15.8
19.1
12.4
15.7
19
12.3
15.6
8.9
12.2
15.5
18.8
12.1
15.4
18.7
12
15.3
18.6
11.9
15.2
18.5
11.8
15.1
18.4
11.7
15
18.3
11.6
14.9
18.2
11.5
